1573557848.710443
1573557853.7143598
1573557858.7203312
1573557877.2931406
1573557882.3001096
1573557887.3071811
1573557924.3722568
1573557929.3800423
1573557934.3873773
1573557939.394168
1573557944.4014523
1573557949.408723
1573557954.4160511
1573557959.423296
1573557964.4301515
1573557969.436553
1573557974.4433649
1573557979.4505293
1573557984.4577355
1573557989.4648478
1573557994.4759085
1573557999.482975
1573558004.4900682
1573558009.4971385
1573558014.5001385
1573558019.5070925
1573558024.5139918
1573558029.520874
1573558034.5277698
1573558039.5311012
1573558044.5417836
1573558049.5488558
1573558054.5561814
1573558059.5670028
1573558064.578075
1573558069.589347
1573558074.6002789
1573558079.6109836
1573558084.6219902
1573558089.6333199
1573558094.6441534
1573558099.6549766
1573558104.6620739
1573558109.6692092
1573558114.676372
1573558119.6834826
1573558124.690615
1573558129.6976497
1573558134.7048178
1573558139.710159
1573558144.7172625
1573558149.7241921
1573558154.7309823
1573558159.7380376
1573558164.7450964
1573558169.7522032
1573558174.75939
1573558179.7665222
1573558184.77368
1573558189.780681
1573558194.7878091
1573558199.7947917
1573558204.8018172
1573558209.8087978
1573558214.815832
1573558219.82278
1573558224.8297794
1573558229.8367367
1573558234.8436532
1573558239.8506846
1573558244.8576179
1573558249.864584
1573558254.8716347
1573558259.8786373
1573558264.886007
1573558269.892815
1573558274.8998158
1573558279.9068668
1573558284.9137433
1573558289.9183948
1573558294.9259143
1573558299.9334238
1573558304.940865
1573558309.9482152
1573558314.9597442
1573558319.970532
1573558324.97853
1573558329.989706
1573558335.0029416
1573558340.013585
1573558345.0244944
1573558350.03607
1573558355.0472546
1573558360.058246
1573558365.0691435
1573558370.0806267
1573558375.0874476
1573558380.0944698
1573558385.1055665
1573558390.1169114
1573558395.1257815
1573558400.136713
1573558405.1435084
1573558410.1503334
1573558415.1574104
1573558420.1644208
1579512042.8078923
1579512047.8185756
1579512231.3182557
1579512236.3253694
1579512318.7254877
1579512323.732576
1579512401.5888386
1579512406.5960472
1579512443.1246753
1579512448.131329
1579512514.2918506
1579512519.2989798
1579512583.2991128
1579512588.306267
1579512621.043205
1579512626.0505214
1579512744.4179351
1579512749.4251227
1579512780.2094116
1579512785.2168539
1579512806.5773895
1579512811.58553
1579512828.5450206
1579512833.5523026
1579512884.432895
1579512889.4403977
1579512948.4162934
1579512953.423932
1579513015.0075526
1579513020.0151687
1579513265.2615724
1579513270.2690756
1579513693.7696087
1579513698.7768326
1579597679.7888913
1579597684.799839
1579597789.5164275
1579597794.524368
1579597983.7562547
1579597988.7636535
1579599288.620977
1579599288.6227636
1579599477.8044214
1579599482.8088412
1579601772.5085921
1579601790.2363682
1579601795.2446322
1579601846.8442724
1579601851.8516054
1579601885.660435
1579601954.1723967
1579602031.3274474
1579602036.3352146
1579602733.0399435
1579602738.0472138
1580120567.707954
1580120572.7280865
1580120781.4727569
1580120786.4793603
1580123181.4233615
1580123186.4279568
1580123247.3824136
1580123252.3880339
1580123407.1483185
1580123412.155179
1580123507.1695843
1580123512.1762493
1581409069.3677213
1581409074.369898
1581409107.4319994
1581409112.433365
1581409631.3666496
1581409636.3756883
1581409719.9139118
1581409724.919942
1581409755.369212
1581409760.3730328
1581410040.5027132
1581410045.5088646
1581417744.8384762
1581417749.8441556
1581417887.5264049
1581417892.5302026
1581417944.302477
1581417949.3082612
1581418182.6226935
1581418187.6273522
1581419458.9824133
1581419463.9874406
1581419501.262556
1581419506.2679734
1581419534.9102771
1581419539.9154143
1581420370.1665199
1581420375.1723113
1581420437.3823895
1581420442.3844862
1581666277.508722
1581666282.5344703
1581668509.559326
1581668514.5638342
1581670022.3377073
1581670027.3434968
1581670194.186789
1581670199.1879656
1581672868.5270932
1581672873.531837
1581672907.303416
1581672912.3079193
1581673283.4080274
1581673288.4128625
1581673561.6642714
1581673566.6690164
1582021919.492073
1582021924.5077486
1582022041.8567045
1582022046.8606322
1582022492.624279
1582022497.6294441
1582022927.8639495
1582022932.8674648
1582022964.3759668
1582022969.3793674
1582023576.1182263
1582023581.1238718
1582025185.5007691
1582025190.5032556
1582025220.4932306
1582025225.4988828
1582026413.1961768
1582026418.1994445
1582097166.2919974
1582097171.3128011
1582097619.7469664
1582097624.7526748
1582275150.8857226
1582275155.9005973
1582804812.4468496
1582804817.4627073
1582805185.6781466
1582805190.6838748
1582806925.0533712
1582806930.0591981
1582807679.7164376
1582807684.7186203
