1591688596.8634174
1591688601.869102
1591690021.4913127
1591690026.4969542
1591761255.0514874
1591761260.06957
1591761630.8983524
1591761635.9035096
1591762795.031989
1591762800.0365422
1591763887.653427
1591763892.6568034
1591770341.449791
1591770346.4524524
1591773318.62685
1591773323.6287115
1591775215.784279
1591775220.789643
1591775254.4395955
1591775259.4436755
1591775329.7267525
1591775334.7297287
1591857417.5666673
1591857422.5851598
1591861683.145249
1591861688.1507976
1591865659.5506945
1591865664.5541701
1591866045.22956
1591866050.2317097
1592193742.0121586
1592193747.0270145
1592200411.7893765
1592200416.7928236
1592283734.1494815
1592283739.1680055
1592288053.514892
1592288058.5194273
1592289570.2347467
1592289575.2375581
1592293436.8254886
1592293441.8292658
1592293496.338695
1592293501.3430765
1592295772.0281866
1592295777.0338218
1592365999.0811777
1592366004.0945563
1592368554.4750876
1592368559.4781482
1592370000.1318896
1592370005.1478436
