1592884445.8448932
1592884450.849773
1592884455.8531964
1592884460.8578563
1592886687.9925747
1592886692.998319
1592886698.0041184
1592886703.0098999
1592888480.3745666
1592888485.3801804
1592888490.3859558
1592888495.389276
1592889068.319568
1592889073.32533
1592889078.3310697
1592889083.336895
1592889587.6654303
1592889592.671146
1592891584.973813
1592891589.9793975
1592893330.3827183
1592893335.3884094
1592893923.5093455
1592893928.5150535
1592898724.6720335
1592898729.6751115
1592899456.8264952
1592899461.8320866
1593069538.4293916
1593069543.4509945
1593071224.1034482
1593071229.1056063
1593146968.691209
1593146973.7054484
1593154424.2514052
1593154429.2536132
1593154434.2593348
1593154439.2647705
1593154666.3716667
1593154671.3769798
1593154676.381528
1593154681.385603
1593155129.7565372
1593155144.7551494
1593155149.7575252
1593155154.7628448
1593155159.7684925
1593155843.5982227
1593155848.6038876
1593155853.6087053
1593155858.614436
