1592884445.8448932
1592884450.849773
1592884455.8531964
1592884460.8578563
1592886687.9925747
1592886692.998319
1592886698.0041184
1592886703.0098999
1592888480.3745666
1592888485.3801804
1592888490.3859558
1592888495.389276
1592889068.319568
1592889073.32533
1592889078.3310697
1592889083.336895
1592889587.6654303
1592889592.671146
1592891584.973813
1592891589.9793975
1592893330.3827183
1592893335.3884094
1592893923.5093455
1592893928.5150535
1592898724.6720335
1592898729.6751115
1592899456.8264952
1592899461.8320866
1593069538.4293916
1593069543.4509945
1593071224.1034482
1593071229.1056063
1593146968.691209
1593146973.7054484
1593154424.2514052
1593154429.2536132
1593154434.2593348
1593154439.2647705
1593154666.3716667
1593154671.3769798
1593154676.381528
1593154681.385603
1593155129.7565372
1593155144.7551494
1593155149.7575252
1593155154.7628448
1593155159.7684925
1593155843.5982227
1593155848.6038876
1593155853.6087053
1593155858.614436
1593156168.2930124
1593156173.2967045
1593156178.298136
1593156183.2992399
1593156993.5686257
1593156994.5701933
1593156995.5717835
1593156996.573462
1593157417.0610895
1593157418.062723
1593157429.015476
1593157430.0170197
1593157683.6033988
1593157684.6049256
1593157685.606498
1593157686.6081605
1593157885.0064404
1593157886.0080984
1593157887.0098379
1593157888.011521
1593157889.013228
1593157890.0148964
1593157891.01607
1593157892.0176516
1593157893.019338
1593157894.0210385
1593158037.1332488
1593158038.134873
1593158039.1365964
1593158040.1375592
1593158532.3568301
1593158533.3585007
1593158534.3601809
1593158535.3616242
1593158536.3633544
1593158537.3644145
1593158538.3660538
1593158539.3677292
1593158540.3694642
1593158541.371163
1593159136.7333314
1593159137.7349336
1593161869.019287
1593161870.0209603
1593161871.022834
1593161872.0245767
1593163829.526972
1593163830.528569
1593163831.5296762
1593163832.5314105
1593163833.5332825
1593163834.5350184
1593163835.5367427
1593163836.5384617
1593163837.5401795
1593163838.5418758
1593165066.5900025
1593165067.59159
1593165068.5932078
1593165069.5949366
1593165070.5966463
1593165071.5975642
1593165072.5993052
1593165073.6010118
1593165074.6028054
1593165075.6044278
1593165076.6055865
1593165077.607335
1593165078.609044
1593165079.6109037
1593165080.6125298
1593165081.6138463
1593165082.6155055
1593165083.617283
1593165084.6189468
1593165085.6201844
1593165643.9398365
1593165644.9416673
1593165645.9434083
1593165646.9452283
1593165647.9469512
1593165648.9486244
1593165649.950288
1593165650.9519603
1593165651.95356
1593165652.955219
1593165653.9569218
1593165654.9585676
1593165655.9602466
1593165656.9615757
1593165657.963294
1593165658.964859
1593165659.966446
1593165660.9681687
1593165661.9697096
1593165662.9713678
1593165663.9732249
1593165664.97499
1593165665.9766726
1593165666.9784434
1593165667.9801154
1593165668.9815676
1593165669.9833
1593165670.9850388
1593165671.9869006
1593165672.9886198
1593165673.9903514
1593165674.9920435
1593165675.99368
1593165676.9953704
1593165677.9972374
1593165678.9989703
1593165680.0006979
1593165681.0023098
1593165682.0040438
1593165683.005782
1593165684.007508
1593165685.0094426
1593165686.0111659
1593165687.0128353
1593165688.0136921
1593165689.0152876
1593165690.0169363
1593165691.0185852
1593165692.0277948
1593165693.0295465
1594630167.614836
1594630168.6165545
1594632414.9369533
1594632415.938793
1594632787.065705
1594632788.0673573
1594632808.793864
1594632809.7956016
1594632841.604501
1594632842.6062732
1594634873.56374
1594634874.5654604
1594634912.479004
1594634913.4806604
1594635140.8029575
1594635141.8046937
1594635159.690679
1594635160.6926765
1594638996.3293595
1594638997.3310513
1594639048.7348812
1594639049.736542
1594639064.0210955
1594639065.0228732
1594639160.593928
1594639161.5955245
1594645279.2329824
1594645280.2357118
1594645533.6529288
1594645534.65487
1594715333.907652
1594715334.9100022
1594715549.328417
1594715550.3302822
1594716920.43076
1594716921.4326906
1594717565.9467297
1594717566.948942
1594718757.736687
1594718758.7388413
1594718759.7411516
1594718760.7434473
1594718761.7458613
1594718762.7483125
1594718763.7506661
1594718764.7530975
1594718765.7558224
1594718766.7581265
1594719664.6885114
1594719665.690784
1594719666.6934536
1594719667.69592
1594719668.6986847
1594719669.7017236
1594719670.7042696
1594719671.7069
1594719672.7100325
1594719673.7128658
1594720103.1160748
1594720104.1184452
1594720105.1210198
1594720106.1236877
1594720107.1259706
1594720108.1283338
1594720759.1838062
1594720760.1859462
1594720761.1883402
1594720762.1905484
1594720763.1926627
1594720764.1948504
1594720765.197123
1594720766.199692
1594720767.202669
1594720768.2048593
1594723463.8494189
1594723464.8517299
1594723465.8541505
1594723466.8563795
1594723467.858858
1594723468.860805
1594723469.8630805
1594723470.8655252
1594723471.8684156
1594723472.8698123
1594723665.8085785
1594723666.811019
1594723667.8137395
1594723668.816428
1594723669.8191721
1594723670.821391
1594723671.8237014
1594723672.8259199
1594723673.8286831
1594723674.8310673
