1.2644336223602295
1.7949039936065674
1.6173300743103027
1.6501643657684326
1.6171362400054932
1.359856128692627
1.4359309673309326
1.4329948425292969
1.4309146404266357
1.634932279586792
1.4263145923614502
1.424614429473877
1.4767162799835205
1.5709757804870605
1.7453653812408447
1.9666409492492676
1.6420111656188965
1.7702722549438477
2.2293524742126465
1.4693944454193115
1.75321626663208
1.7308030128479004
1.7174627780914307
2.3700859546661377
1.8103628158569336
2.150022506713867
2.2481207847595215
1.6734602451324463
2.928558588027954
1.6503663063049316
1.8465778827667236
1.496429681777954
1.6990411281585693
2.273980140686035
2.258618116378784
1.9116299152374268
2.1359548568725586
2.213052749633789
2.2497735023498535
2.5624568462371826
1.69004487991333
1.8771085739135742
2.6869845390319824
1.8804869651794434
2.202975273132324
2.713805675506592
1.8564648628234863
2.658785104751587
3.569131851196289
1.689244031906128
2.309890031814575
2.71899151802063
3.5283331871032715
6.645339250564575
27.120808124542236
7.8036417961120605
